98
1
1585 1606

1
178 212

1
651 670

1
1198 1222

1
1397 1417

1
2265 2286

1
2395 2415

1
1933 1952

1
2307 2327

1
1953 1985

1
2124 2145

1
2146 2171

1
2328 2351

1
1678 1704

1
1986 2009

1
2352 2374

1
2375 2394

1
1905 1932

1
2287 2306

1
1633 1653

1
1654 1677

1
1774 1807

1
1808 1827

1
1828 1854

1
1334 1355

1
2416 2438

1
1356 1375

1
2194 2213

1
2439 2458

1
1751 1773

1
1124 1153

1
1446 1466

1
1467 1492

1
1493 1516

1
1539 1564

1
2459 2482

1
2483 2507

1
857 885

1
552 572

1
1855 1876

1
2052 2078

1
2079 2102

1
1223 1244

1
1245 1269

1
1270 1289

1
1290 1312

1
1313 1333

1
2172 2193

1
531 551

1
573 598

1
1418 1445

1
2103 2123

1
1038 1058

1
1059 1080

1
1081 1100

1
1101 1123

1
911 931

1
932 966

1
967 990

1
991 1016

1
1017 1037

1
692 716

1
717 740

1
741 760

1
761 782

1
783 802

1
803 822

1
1154 1177

1
1178 1197

1
626 650

1
443 462

1
421 442

1
463 493

1
494 530

1
599 625

1
326 351

1
352 372

1
373 400

1
401 420

1
305 325

1
233 254

1
213 232

1
255 284

1
285 304

1
671 691

1
823 856

1
1517 1538

1
1705 1726

1
1607 1632

1
2010 2031

1
107 132

1
133 152

1
153 177

1
86 106

1
65 85

1
20 43

1
44 64

1
0 19

541
0 5
0 7
0 8
0 16
0 18
0 25
0 87
0 88
1 31
1 42
1 56
1 80
1 81
2 3
2 61
2 67
2 69
2 71
2 75
2 79
2 84
3 10
3 30
3 31
3 32
3 42
3 51
3 52
3 56
3 57
3 58
3 59
3 60
3 70
4 41
4 48
4 50
4 74
4 93
4 96
5 7
5 8
5 18
5 25
5 88
6 7
6 8
6 16
6 18
6 25
6 87
6 88
7 9
7 12
8 9
8 11
8 12
8 20
8 33
9 13
9 14
9 15
9 22
9 24
9 37
9 47
9 86
10 11
10 12
10 20
10 21
10 33
10 46
11 13
11 14
11 15
11 22
11 24
11 37
11 47
11 86
12 13
12 14
12 15
12 22
12 37
12 86
13 16
13 34
13 87
14 16
14 89
15 16
15 27
15 34
15 87
15 88
16 6
16 17
16 90
17 7
17 8
17 18
17 25
17 88
18 7
18 8
18 19
19 9
19 11
19 12
19 20
19 33
20 13
20 14
20 15
20 22
20 86
21 22
21 24
21 37
21 47
21 86
22 23
22 27
22 34
23 21
23 29
23 31
23 35
23 38
23 39
23 49
23 51
24 26
24 27
24 28
24 34
25 26
25 28
25 49
25 68
25 76
26 25
26 27
26 28
26 34
26 38
27 29
27 34
27 38
27 39
28 29
28 35
28 39
28 77
29 10
29 21
29 30
29 31
29 32
29 39
29 49
29 51
29 57
30 10
30 31
30 58
30 60
30 62
30 65
30 67
30 70
30 85
31 30
31 32
32 11
32 12
32 20
32 33
32 46
33 13
33 14
33 15
33 22
33 24
33 37
33 47
33 86
34 35
34 38
34 39
34 74
35 36
36 37
37 21
37 27
37 29
37 34
37 38
37 39
37 49
37 74
38 21
38 28
38 39
38 49
38 74
39 41
40 41
40 50
40 51
41 21
41 29
41 31
41 39
41 42
41 49
41 51
41 57
42 30
42 43
43 44
44 45
45 11
45 33
45 46
46 13
46 14
46 15
46 22
46 24
46 37
46 47
46 86
47 16
47 23
47 26
47 27
47 34
47 38
47 48
47 87
48 21
48 27
48 29
48 31
48 34
48 38
48 39
48 49
48 74
49 4
49 35
49 38
49 48
49 50
49 74
49 77
49 96
50 21
50 29
50 31
50 38
50 39
50 42
50 49
50 51
50 56
50 57
50 62
50 70
51 10
51 21
51 30
51 32
51 42
51 52
51 56
51 57
51 58
51 61
51 67
51 70
51 71
51 72
52 53
52 70
53 54
53 64
53 79
53 91
54 55
55 10
55 30
55 32
55 42
55 52
55 56
55 57
55 61
55 67
55 70
55 71
56 10
56 30
56 31
56 42
56 51
56 52
56 57
56 70
56 80
57 32
57 58
58 51
58 59
58 70
58 72
59 42
59 55
59 60
59 65
59 67
59 70
60 10
60 30
60 42
60 52
60 56
60 57
60 61
60 65
60 67
60 70
60 71
60 80
61 10
61 31
61 62
61 67
61 70
61 82
62 63
62 80
62 82
63 54
63 64
64 60
64 65
64 67
64 70
65 66
66 62
66 67
66 68
66 85
67 68
67 75
67 76
67 80
67 85
68 3
68 69
68 79
68 84
68 92
69 2
69 70
70 10
70 42
70 43
70 56
70 59
70 69
70 71
70 72
70 84
71 10
71 30
71 31
71 42
71 51
71 52
71 56
71 57
71 59
71 60
71 62
71 65
71 67
71 70
71 72
72 2
72 73
73 38
73 40
73 48
73 50
73 74
74 3
74 49
74 61
74 69
74 71
74 75
74 79
74 84
75 28
75 66
75 68
75 76
76 35
76 50
76 74
76 77
77 78
78 3
78 10
78 30
78 42
78 52
78 56
78 59
78 61
78 69
78 70
78 71
78 72
78 79
78 84
79 61
79 68
79 69
79 75
79 80
79 81
79 83
79 84
79 92
80 10
80 52
80 61
80 62
80 63
80 67
80 75
80 81
80 82
81 31
81 61
81 62
81 80
81 82
82 75
82 81
82 83
82 91
83 3
83 61
83 69
83 71
83 79
83 84
84 61
84 62
84 69
84 79
84 80
84 85
84 92
85 22
85 24
85 37
85 86
86 16
86 23
86 26
86 27
86 34
86 87
87 8
87 19
87 39
87 88
87 89
88 8
88 19
88 89
89 19
89 39
89 90
90 91
91 75
91 92
92 0
92 1
92 17
92 48
92 93
92 94
92 95
92 96
92 97
93 0
93 5
93 6
93 17
93 88
93 90
93 94
93 96
94 1
94 6
94 17
94 50
94 90
94 93
94 95
94 96
94 97
95 1
95 17
95 50
95 74
95 90
95 93
95 94
95 96
96 0
96 1
96 90
96 93
96 94
96 95
96 97
97 1
97 93
97 94
97 95
97 96

0

0

